0 0.353125 0.11125 0.055859375 0.0915625
0 0.4859375 0.11125 0.05390625 0.0815625
0 0.55 0.2275 0.053125 0.095
0 0.61640625 0.11875 0.0515625 0.09
0 0.74765625 0.135 0.0544921875 0.0909375
0 0.67890625 0.23625 0.051171875 0.0834375
0 0.6140625 0.3425 0.050390625 0.080625
0 0.27890625 0.43 0.0546875 0.080625
0 0.27890625 0.64 0.057421875 0.095625
1 0.4078125 0.65125 0.05625 0.085
1 0.66328125 0.65125 0.0521484375 0.091875
1 0.34140625 0.75125 0.055078125 0.088125
1 0.471875 0.75625 0.0560546875 0.091875
1 0.7296875 0.75375 0.053515625 0.0884375
1 0.27890625 0.84625 0.0552734375 0.088125
1 0.4078125 0.855 0.05625 0.0896875
1 0.53359375 0.86 0.0576171875 0.080625
1 0.6609375 0.85375 0.049609375 0.0865625
0 0.41328125 0.22125 0.0515625 0.0825