0 0.353125 0.11125 0.05078125 0.0865625
0 0.4859375 0.11125 0.053515625 0.0784375
0 0.55 0.2275 0.055859375 0.09625
0 0.61640625 0.11875 0.055078125 0.095
0 0.74765625 0.135 0.0513671875 0.0890625
0 0.67890625 0.23625 0.054296875 0.0884375
0 0.6140625 0.3425 0.050390625 0.080625
0 0.27890625 0.43 0.0578125 0.085625
0 0.27890625 0.64 0.051953125 0.09
1 0.4078125 0.65125 0.05390625 0.081875
1 0.66328125 0.65125 0.0576171875 0.0975
1 0.34140625 0.75125 0.054296875 0.086875
1 0.471875 0.75625 0.0587890625 0.095
1 0.7296875 0.75375 0.050390625 0.0834375
1 0.27890625 0.84625 0.0544921875 0.086875
1 0.4078125 0.855 0.053515625 0.0853125
1 0.53359375 0.86 0.0572265625 0.08
1 0.6609375 0.85375 0.049609375 0.0865625
0 0.41328125 0.22125 0.0546875 0.0875