1 0.24453125 0.14875 0.0580078125 0.0978125
1 0.7640625 0.10125 0.047265625 0.0871875
1 0.3046875 0.8475 0.0537109375 0.0809375
1 0.753125 0.86125 0.05 0.0821875
2 0.2609375 0.08625 0.0564453125 0.0875
2 0.72265625 0.11625 0.0546875 0.0915625
2 0.23984375 0.865 0.05 0.0809375
2 0.73125 0.7775 0.052734375 0.080625
3 0.29921875 0.14375 0.0578125 0.0865625
3 0.77578125 0.17125 0.0490234375 0.0915625
3 0.25234375 0.80125 0.0541015625 0.0875
3 0.7171875 0.8975 0.04375 0.075
0 0.31015625 0.07375 0.0572265625 0.0865625
0 0.73671875 0.195 0.05 0.0859375
0 0.28125 0.9025 0.04453125 0.0753125
0 0.7015625 0.8425 0.049609375 0.07625