0 0.3859375 0.0975 0.059765625 0.10375
0 0.70390625 0.34375 0.0578125 0.0925
0 0.30703125 0.64 0.0642578125 0.095625
0 0.63984375 0.64125 0.057421875 0.0884375
0 0.5921875 0.78875 0.0537109375 0.0875
0 0.64453125 0.8275 0.0609375 0.0996875
1 0.46328125 0.1075 0.0548828125 0.095
1 0.49765625 0.45875 0.0552734375 0.0928125
1 0.30703125 0.53125 0.0603515625 0.095
1 0.70234375 0.45125 0.0580078125 0.0928125
1 0.7125 0.84 0.0533203125 0.0909375
3 0.26328125 0.10875 0.0546875 0.0915625
3 0.3265625 0.0675 0.0599609375 0.095625
3 0.7078125 0.2375 0.05390625 0.0896875
3 0.30703125 0.745 0.0546875 0.085625
3 0.68828125 0.60875 0.057421875 0.0921875
3 0.5640625 0.73375 0.0560546875 0.0875
3 0.628125 0.73875 0.05078125 0.0784375
2 0.7109375 0.13125 0.0560546875 0.09
2 0.24921875 0.2325 0.0603515625 0.094375
2 0.5875 0.35375 0.052734375 0.0884375
2 0.41796875 0.435 0.059375 0.09
2 0.46171875 0.52625 0.054296875 0.0928125
2 0.3109375 0.8475 0.05859375 0.085625