0 0.353125 0.1225 0.0533203125 0.085625
0 0.29609375 0.23625 0.055078125 0.0884375
0 0.7546875 0.2525 0.0556640625 0.094375
0 0.24921875 0.73375 0.0515625 0.0915625
0 0.2640625 0.85875 0.053515625 0.0884375
1 0.31171875 0.07 0.0603515625 0.0940625
1 0.70078125 0.16125 0.0583984375 0.0871875
1 0.33671875 0.73875 0.0541015625 0.0884375
1 0.73671875 0.8375 0.0513671875 0.0896875
1 0.7125 0.2275 0.056640625 0.090625
3 0.27578125 0.11375 0.0576171875 0.0875
3 0.26328125 0.19 0.0541015625 0.089375
3 0.74453125 0.17875 0.0548828125 0.0834375
3 0.2921875 0.73 0.053125 0.0940625
3 0.26953125 0.8 0.054296875 0.084375
3 0.3140625 0.87 0.0470703125 0.070625
3 0.71796875 0.745 0.0521484375 0.0909375
2 0.30546875 0.165 0.053125 0.0909375
2 0.734375 0.11 0.047265625 0.0803125
2 0.77890625 0.1475 0.046875 0.09
2 0.31484375 0.8 0.0509765625 0.08125
2 0.35859375 0.79875 0.0548828125 0.0834375
2 0.68515625 0.78625 0.053125 0.0921875
2 0.69453125 0.85375 0.0490234375 0.0875