0 0.353125 0.1225 0.0568359375 0.09375
0 0.29609375 0.23625 0.059375 0.0965625
0 0.7546875 0.2525 0.0501953125 0.08625
0 0.24921875 0.73375 0.0484375 0.0871875
0 0.2640625 0.85875 0.050390625 0.0834375
1 0.31171875 0.07 0.0576171875 0.0903125
1 0.70078125 0.16125 0.0607421875 0.0878125
1 0.33671875 0.73875 0.0490234375 0.0834375
1 0.73671875 0.8375 0.0517578125 0.0903125
1 0.7125 0.2275 0.058984375 0.094375
3 0.27578125 0.11375 0.0544921875 0.0825
3 0.26328125 0.19 0.0521484375 0.085625
3 0.74453125 0.17875 0.0552734375 0.0865625
3 0.2921875 0.73 0.05 0.0896875
3 0.26953125 0.8 0.051953125 0.080625
3 0.3140625 0.87 0.0501953125 0.07875
3 0.71796875 0.745 0.0521484375 0.0909375
2 0.30546875 0.165 0.053125 0.0903125
2 0.734375 0.11 0.049609375 0.0809375
2 0.77890625 0.1475 0.045703125 0.089375
2 0.31484375 0.8 0.0482421875 0.079375
2 0.35859375 0.79875 0.0572265625 0.0871875
2 0.68515625 0.78625 0.053125 0.0921875
2 0.69453125 0.85375 0.0521484375 0.0925