1 0.24453125 0.14875 0.0572265625 0.0965625
1 0.7640625 0.10125 0.04765625 0.0878125
1 0.3046875 0.8475 0.0556640625 0.0840625
1 0.753125 0.86125 0.049609375 0.0815625
2 0.2609375 0.08625 0.0568359375 0.0875
2 0.72265625 0.11625 0.053125 0.0878125
2 0.23984375 0.865 0.053125 0.0859375
2 0.73125 0.7775 0.049609375 0.075
3 0.29921875 0.14375 0.055078125 0.0828125
3 0.77578125 0.17125 0.0486328125 0.0884375
3 0.25234375 0.80125 0.0521484375 0.086875
3 0.7171875 0.8975 0.04609375 0.07625
0 0.31015625 0.07375 0.0572265625 0.0871875
0 0.73671875 0.195 0.0515625 0.0896875
0 0.28125 0.9025 0.04921875 0.0803125
0 0.7015625 0.8425 0.052734375 0.08375