3 0.35078125 0.11 0.0642578125 0.095625
3 0.4828125 0.115 0.0658203125 0.099375
3 0.6125 0.11625 0.056640625 0.0978125
3 0.74140625 0.14 0.0583984375 0.095625
3 0.27734375 0.21625 0.0578125 0.0965625
3 0.41484375 0.22 0.0607421875 0.094375
3 0.54921875 0.22625 0.055078125 0.096875
3 0.6765625 0.2325 0.05859375 0.09375
3 0.3484375 0.32375 0.062109375 0.0921875
3 0.48203125 0.3275 0.0578125 0.095625
3 0.6140625 0.3425 0.0591796875 0.0940625
3 0.74453125 0.34625 0.055078125 0.0965625
2 0.27109375 0.64125 0.0552734375 0.09
2 0.4078125 0.64625 0.0595703125 0.0921875
2 0.54296875 0.65375 0.058203125 0.093125
2 0.6703125 0.6575 0.0556640625 0.0909375
2 0.34140625 0.755 0.05625 0.0896875
2 0.2765625 0.84625 0.0564453125 0.091875
2 0.403125 0.86 0.05703125 0.0790625
2 0.47421875 0.75875 0.0552734375 0.088125
2 0.53671875 0.85875 0.0546875 0.0825
2 0.60703125 0.755 0.0611328125 0.0996875
2 0.6625 0.85625 0.055859375 0.0925
2 0.73125 0.76 0.0533203125 0.0903125