3 0.35078125 0.11 0.0646484375 0.09875
3 0.4828125 0.115 0.0654296875 0.099375
3 0.6125 0.11625 0.06171875 0.1028125
3 0.74140625 0.14 0.0552734375 0.090625
3 0.27734375 0.21625 0.0546875 0.0915625
3 0.41484375 0.22 0.0611328125 0.095
3 0.54921875 0.22625 0.057421875 0.0975
3 0.6765625 0.2325 0.059375 0.095
3 0.3484375 0.32375 0.06484375 0.0934375
3 0.48203125 0.3275 0.055078125 0.094375
3 0.6140625 0.3425 0.0595703125 0.0946875
3 0.74453125 0.34625 0.0578125 0.0978125
2 0.27109375 0.64125 0.0548828125 0.088125
2 0.4078125 0.64625 0.0568359375 0.0878125
2 0.54296875 0.65375 0.059375 0.095
2 0.6703125 0.6575 0.0568359375 0.0953125
2 0.34140625 0.755 0.055078125 0.0890625
2 0.2765625 0.84625 0.0556640625 0.088125
2 0.403125 0.86 0.059765625 0.0840625
2 0.47421875 0.75875 0.0548828125 0.0875
2 0.53671875 0.85875 0.059375 0.091875
2 0.60703125 0.755 0.0572265625 0.0940625
2 0.6625 0.85625 0.053515625 0.09
2 0.73125 0.76 0.0501953125 0.0853125