0 0.3859375 0.0975 0.05625 0.095625
0 0.70390625 0.34375 0.060546875 0.096875
0 0.30703125 0.64 0.0642578125 0.09875
0 0.63984375 0.64125 0.057421875 0.0884375
0 0.5921875 0.78875 0.0537109375 0.0875
0 0.64453125 0.8275 0.058203125 0.0959375
1 0.46328125 0.1075 0.0544921875 0.09375
1 0.49765625 0.45875 0.0548828125 0.0928125
1 0.30703125 0.53125 0.0548828125 0.0875
1 0.70234375 0.45125 0.0603515625 0.0965625
1 0.7125 0.84 0.0529296875 0.0903125
3 0.26328125 0.10875 0.054296875 0.0884375
3 0.3265625 0.0675 0.0587890625 0.09375
3 0.7078125 0.2375 0.052734375 0.0853125
3 0.30703125 0.745 0.051953125 0.08125
3 0.68828125 0.60875 0.05625 0.0915625
3 0.5640625 0.73375 0.0564453125 0.088125
3 0.628125 0.73875 0.05546875 0.0834375
2 0.7109375 0.13125 0.0568359375 0.0925
2 0.24921875 0.2325 0.0572265625 0.09
2 0.5875 0.35375 0.055859375 0.0928125
2 0.41796875 0.435 0.059375 0.09
2 0.46171875 0.52625 0.054296875 0.0928125
2 0.3109375 0.8475 0.055859375 0.08375