0 0.3859375 0.0975 0.05625 0.095625
0 0.70390625 0.34375 0.0578125 0.0925
0 0.30703125 0.64 0.0666015625 0.1
0 0.63984375 0.64125 0.0609375 0.0965625
0 0.5921875 0.78875 0.0564453125 0.091875
0 0.64453125 0.8275 0.055078125 0.0909375
1 0.46328125 0.1075 0.0576171875 0.09625
1 0.49765625 0.45875 0.0572265625 0.0934375
1 0.30703125 0.53125 0.0572265625 0.09
1 0.70234375 0.45125 0.0580078125 0.0928125
1 0.7125 0.84 0.0501953125 0.0859375
3 0.26328125 0.10875 0.053125 0.0878125
3 0.3265625 0.0675 0.0599609375 0.095625
3 0.7078125 0.2375 0.052734375 0.0853125
3 0.30703125 0.745 0.05625 0.089375
3 0.68828125 0.60875 0.0546875 0.0878125
3 0.5640625 0.73375 0.0568359375 0.091875
3 0.628125 0.73875 0.053125 0.0828125
2 0.7109375 0.13125 0.0587890625 0.093125
2 0.24921875 0.2325 0.0580078125 0.090625
2 0.5875 0.35375 0.053515625 0.0915625
2 0.41796875 0.435 0.05625 0.084375
2 0.46171875 0.52625 0.054296875 0.0934375
2 0.3109375 0.8475 0.05859375 0.08625