3 0.35078125 0.11 0.0669921875 0.1
3 0.4828125 0.115 0.0650390625 0.095625
3 0.6125 0.11625 0.059765625 0.1021875
3 0.74140625 0.14 0.0583984375 0.095625
3 0.27734375 0.21625 0.054296875 0.0884375
3 0.41484375 0.22 0.0576171875 0.089375
3 0.54921875 0.22625 0.0609375 0.103125
3 0.6765625 0.2325 0.05859375 0.09375
3 0.3484375 0.32375 0.06015625 0.0884375
3 0.48203125 0.3275 0.057421875 0.095625
3 0.6140625 0.3425 0.0568359375 0.0903125
3 0.74453125 0.34625 0.054296875 0.0928125
2 0.27109375 0.64125 0.0583984375 0.095
2 0.4078125 0.64625 0.0587890625 0.0915625
2 0.54296875 0.65375 0.057421875 0.091875
2 0.6703125 0.6575 0.0591796875 0.0990625
2 0.34140625 0.755 0.0546875 0.0859375
2 0.2765625 0.84625 0.0533203125 0.086875
2 0.403125 0.86 0.058984375 0.0803125
2 0.47421875 0.75875 0.0580078125 0.0925
2 0.53671875 0.85875 0.058203125 0.09
2 0.60703125 0.755 0.0576171875 0.0946875
2 0.6625 0.85625 0.055859375 0.0925
2 0.73125 0.76 0.0529296875 0.0896875