0 0.353125 0.1225 0.0533203125 0.085625
0 0.29609375 0.23625 0.059375 0.0965625
0 0.7546875 0.2525 0.0529296875 0.090625
0 0.24921875 0.73375 0.053125 0.0928125
0 0.2640625 0.85875 0.053515625 0.0884375
1 0.31171875 0.07 0.0603515625 0.0940625
1 0.70078125 0.16125 0.0615234375 0.0921875
1 0.33671875 0.73875 0.0486328125 0.0828125
1 0.73671875 0.8375 0.0486328125 0.0853125
1 0.7125 0.2275 0.05546875 0.08625
3 0.27578125 0.11375 0.0583984375 0.09
3 0.26328125 0.19 0.0521484375 0.08875
3 0.74453125 0.17875 0.0580078125 0.0884375
3 0.2921875 0.73 0.053125 0.0940625
3 0.26953125 0.8 0.054296875 0.084375
3 0.3140625 0.87 0.0505859375 0.079375
3 0.71796875 0.745 0.0482421875 0.0853125
2 0.30546875 0.165 0.05 0.0859375
2 0.734375 0.11 0.050390625 0.0853125
2 0.77890625 0.1475 0.04375 0.085625
2 0.31484375 0.8 0.0478515625 0.07875
2 0.35859375 0.79875 0.0583984375 0.0915625
2 0.68515625 0.78625 0.053125 0.0928125
2 0.69453125 0.85375 0.0486328125 0.086875