0 0.353125 0.11125 0.05546875 0.0884375
0 0.4859375 0.11125 0.05859375 0.0871875
0 0.55 0.2275 0.050390625 0.090625
0 0.61640625 0.11875 0.0546875 0.093125
0 0.74765625 0.135 0.0513671875 0.0890625
0 0.67890625 0.23625 0.0515625 0.0865625
0 0.6140625 0.3425 0.05234375 0.08375
0 0.27890625 0.43 0.0578125 0.08875
0 0.27890625 0.64 0.05625 0.095625
1 0.4078125 0.65125 0.056640625 0.086875
1 0.66328125 0.65125 0.0521484375 0.091875
1 0.34140625 0.75125 0.055078125 0.088125
1 0.471875 0.75625 0.0591796875 0.095
1 0.7296875 0.75375 0.055859375 0.0915625
1 0.27890625 0.84625 0.0572265625 0.09
1 0.4078125 0.855 0.055859375 0.0890625
1 0.53359375 0.86 0.0580078125 0.08125
1 0.6609375 0.85375 0.052734375 0.0884375
0 0.41328125 0.22125 0.0515625 0.0825