2 0.35 0.1075 0.05703125 0.090625
2 0.47890625 0.10625 0.0583984375 0.0871875
2 0.6171875 0.12 0.0587890625 0.095
2 0.746875 0.1425 0.053125 0.0903125
2 0.27578125 0.21375 0.054296875 0.0915625
2 0.415625 0.22 0.053515625 0.0853125
2 0.54765625 0.22625 0.0580078125 0.098125
2 0.68125 0.2325 0.05546875 0.0953125
2 0.346875 0.31875 0.053515625 0.088125
2 0.48359375 0.3225 0.0552734375 0.089375
2 0.61328125 0.3375 0.058203125 0.0990625
2 0.74140625 0.34875 0.054296875 0.0821875
3 0.27890625 0.6475 0.051171875 0.0859375
3 0.40859375 0.64375 0.0603515625 0.095
3 0.54296875 0.6575 0.0578125 0.09375
3 0.6703125 0.66375 0.0619140625 0.093125
3 0.34140625 0.7525 0.059375 0.0940625
3 0.478125 0.7525 0.05625 0.0859375
3 0.603125 0.75375 0.0533203125 0.0778125
3 0.72890625 0.76125 0.060546875 0.096875
3 0.2796875 0.84 0.0556640625 0.0896875
3 0.409375 0.84375 0.053125 0.0825
3 0.53828125 0.865 0.0546875 0.08125
3 0.6640625 0.8525 0.05390625 0.08625