2 0.35 0.1075 0.062109375 0.09625
2 0.47890625 0.10625 0.0544921875 0.0778125
2 0.6171875 0.12 0.0560546875 0.090625
2 0.746875 0.1425 0.050390625 0.0859375
2 0.27578125 0.21375 0.0546875 0.0921875
2 0.415625 0.22 0.053515625 0.0853125
2 0.54765625 0.22625 0.0580078125 0.098125
2 0.68125 0.2325 0.055859375 0.0959375
2 0.346875 0.31875 0.053125 0.0875
2 0.48359375 0.3225 0.0583984375 0.094375
2 0.61328125 0.3375 0.057421875 0.0953125
2 0.74140625 0.34875 0.0515625 0.0778125
3 0.27890625 0.6475 0.0515625 0.0890625
3 0.40859375 0.64375 0.0572265625 0.09
3 0.54296875 0.6575 0.058203125 0.094375
3 0.6703125 0.66375 0.0560546875 0.085
3 0.34140625 0.7525 0.055078125 0.0859375
3 0.478125 0.7525 0.055859375 0.0853125
3 0.603125 0.75375 0.0533203125 0.0778125
3 0.72890625 0.76125 0.055078125 0.088125
3 0.2796875 0.84 0.0587890625 0.0946875
3 0.409375 0.84375 0.056640625 0.088125
3 0.53828125 0.865 0.0578125 0.089375
3 0.6640625 0.8525 0.053515625 0.085625