2 0.35234375 0.07375 0.0607421875 0.0965625
2 0.584375 0.09625 0.0568359375 0.083125
2 0.68203125 0.17625 0.0541015625 0.0928125
2 0.33671875 0.32625 0.0544921875 0.083125
2 0.36953125 0.42 0.053125 0.085
2 0.51484375 0.345 0.0546875 0.08875
2 0.61171875 0.26375 0.0580078125 0.0928125
2 0.496875 0.57375 0.053515625 0.083125
2 0.59921875 0.56 0.055078125 0.0959375
2 0.68203125 0.665 0.0513671875 0.084375
2 0.37109375 0.7425 0.058203125 0.085
2 0.56015625 0.8075 0.0548828125 0.0859375
3 0.66171875 0.1125 0.0517578125 0.0903125
3 0.37734375 0.23 0.059375 0.09
3 0.47421875 0.20875 0.0603515625 0.0925
3 0.5515625 0.265 0.0560546875 0.0953125
3 0.425 0.3675 0.05078125 0.0859375
3 0.3171875 0.435 0.0564453125 0.0853125
3 0.546875 0.46875 0.0560546875 0.095
3 0.64375 0.48375 0.0568359375 0.0934375
3 0.72890625 0.49625 0.0603515625 0.0871875
3 0.52421875 0.70375 0.0544921875 0.083125
3 0.60703125 0.68625 0.0517578125 0.085
3 0.73359375 0.76625 0.053125 0.085