2 0.35234375 0.07375 0.0607421875 0.0965625
2 0.584375 0.09625 0.0619140625 0.09
2 0.68203125 0.17625 0.0490234375 0.0878125
2 0.33671875 0.32625 0.0552734375 0.086875
2 0.36953125 0.42 0.0546875 0.08875
2 0.51484375 0.345 0.051953125 0.084375
2 0.61171875 0.26375 0.0552734375 0.0884375
2 0.496875 0.57375 0.05625 0.0875
2 0.59921875 0.56 0.054296875 0.0953125
2 0.68203125 0.665 0.0513671875 0.084375
2 0.37109375 0.7425 0.063671875 0.094375
2 0.56015625 0.8075 0.0583984375 0.0940625
3 0.66171875 0.1125 0.0513671875 0.0903125
3 0.37734375 0.23 0.058203125 0.089375
3 0.47421875 0.20875 0.0607421875 0.093125
3 0.5515625 0.265 0.0568359375 0.0990625
3 0.425 0.3675 0.053125 0.0896875
3 0.3171875 0.435 0.0595703125 0.0903125
3 0.546875 0.46875 0.0529296875 0.09
3 0.64375 0.48375 0.0568359375 0.0934375
3 0.72890625 0.49625 0.0615234375 0.0915625
3 0.52421875 0.70375 0.0544921875 0.083125
3 0.60703125 0.68625 0.0541015625 0.0875
3 0.73359375 0.76625 0.0546875 0.0875