3 0.3484375 0.10875 0.0587890625 0.09
3 0.4796875 0.11375 0.0529296875 0.0871875
3 0.615625 0.1225 0.056640625 0.0909375
3 0.7453125 0.13875 0.05390625 0.0928125
3 0.3453125 0.33 0.0568359375 0.0940625
3 0.47890625 0.33 0.0603515625 0.094375
3 0.6125 0.33875 0.056640625 0.0971875
3 0.73984375 0.34375 0.051953125 0.086875
3 0.34453125 0.75375 0.0541015625 0.085
3 0.47734375 0.7525 0.0546875 0.089375
3 0.60390625 0.7525 0.054296875 0.08625
3 0.72890625 0.75 0.0513671875 0.085
2 0.2734375 0.21625 0.05390625 0.091875
2 0.41171875 0.215 0.057421875 0.0846875
2 0.55234375 0.22 0.0541015625 0.0809375
2 0.68125 0.23625 0.050390625 0.0871875
2 0.275 0.64 0.0564453125 0.089375
2 0.4078125 0.64625 0.0560546875 0.0871875
2 0.53984375 0.65125 0.0544921875 0.086875
2 0.6671875 0.65875 0.05625 0.086875
2 0.27734375 0.84625 0.0546875 0.0828125
2 0.4078125 0.8575 0.059375 0.089375
2 0.53671875 0.855 0.055078125 0.0853125
2 0.66328125 0.85125 0.055078125 0.0884375