3 0.3484375 0.10875 0.0599609375 0.093125
3 0.4796875 0.11375 0.0537109375 0.0884375
3 0.615625 0.1225 0.055859375 0.0896875
3 0.7453125 0.13875 0.05234375 0.0884375
3 0.3453125 0.33 0.0560546875 0.0903125
3 0.47890625 0.33 0.0548828125 0.085625
3 0.6125 0.33875 0.058984375 0.0984375
3 0.73984375 0.34375 0.0515625 0.085
3 0.34453125 0.75375 0.0572265625 0.09
3 0.47734375 0.7525 0.0546875 0.089375
3 0.60390625 0.7525 0.054296875 0.08625
3 0.72890625 0.75 0.0517578125 0.085625
2 0.2734375 0.21625 0.053125 0.09
2 0.41171875 0.215 0.05625 0.0809375
2 0.55234375 0.22 0.0548828125 0.0846875
2 0.68125 0.23625 0.055859375 0.0928125
2 0.275 0.64 0.0564453125 0.089375
2 0.4078125 0.64625 0.0537109375 0.0834375
2 0.53984375 0.65125 0.0544921875 0.086875
2 0.6671875 0.65875 0.055859375 0.085
2 0.27734375 0.84625 0.0546875 0.0828125
2 0.4078125 0.8575 0.05625 0.084375
2 0.53671875 0.855 0.051953125 0.0803125
2 0.66328125 0.85125 0.054296875 0.0871875