1 0.35078125 0.1075 0.055078125 0.0903125
1 0.48359375 0.11 0.0609375 0.094375
1 0.6140625 0.12125 0.05859375 0.0921875
1 0.746875 0.13625 0.0587890625 0.096875
1 0.346875 0.3275 0.0556640625 0.08625
1 0.478125 0.32875 0.0564453125 0.0875
1 0.615625 0.33375 0.059765625 0.095
1 0.74296875 0.3475 0.0548828125 0.090625
1 0.34375 0.7525 0.0619140625 0.0946875
1 0.4796875 0.75125 0.056640625 0.0925
1 0.60078125 0.7575 0.0576171875 0.090625
1 0.7328125 0.75875 0.0525390625 0.0871875
0 0.28203125 0.21125 0.0490234375 0.0915625
0 0.41796875 0.215 0.054296875 0.0840625
0 0.5515625 0.22625 0.0556640625 0.088125
0 0.68046875 0.22625 0.051171875 0.0915625
0 0.2765625 0.65125 0.0587890625 0.091875
0 0.41171875 0.64875 0.0576171875 0.088125
0 0.5421875 0.65375 0.050390625 0.081875
0 0.66328125 0.65875 0.0546875 0.09
0 0.28125 0.84875 0.0587890625 0.091875
0 0.4046875 0.85625 0.056640625 0.0834375
0 0.534375 0.86 0.056640625 0.08125
0 0.66171875 0.86375 0.053125 0.0865625