1 0.35078125 0.1075 0.0578125 0.0940625
1 0.48359375 0.11 0.0578125 0.08875
1 0.6140625 0.12125 0.059375 0.0934375
1 0.746875 0.13625 0.0537109375 0.09
1 0.346875 0.3275 0.0591796875 0.094375
1 0.478125 0.32875 0.0591796875 0.0925
1 0.615625 0.33375 0.05625 0.088125
1 0.74296875 0.3475 0.0576171875 0.095
1 0.34375 0.7525 0.0619140625 0.0953125
1 0.4796875 0.75125 0.05859375 0.095
1 0.60078125 0.7575 0.0572265625 0.090625
1 0.7328125 0.75875 0.0505859375 0.0865625
0 0.28203125 0.21125 0.0517578125 0.0928125
0 0.41796875 0.215 0.0546875 0.0846875
0 0.5515625 0.22625 0.0587890625 0.093125
0 0.68046875 0.22625 0.054296875 0.0934375
0 0.2765625 0.65125 0.0587890625 0.09
0 0.41171875 0.64875 0.0583984375 0.0925
0 0.5421875 0.65375 0.05234375 0.0825
0 0.66328125 0.65875 0.051953125 0.086875
0 0.28125 0.84875 0.0537109375 0.083125
0 0.4046875 0.85625 0.05390625 0.0784375
0 0.534375 0.86 0.05703125 0.08125
0 0.66171875 0.86375 0.057421875 0.0921875