1 0.35078125 0.1075 0.057421875 0.0909375
1 0.48359375 0.11 0.0609375 0.09125
1 0.6140625 0.12125 0.053515625 0.0871875
1 0.746875 0.13625 0.0560546875 0.091875
1 0.346875 0.3275 0.0556640625 0.08625
1 0.478125 0.32875 0.0599609375 0.093125
1 0.615625 0.33375 0.055859375 0.0875
1 0.74296875 0.3475 0.0583984375 0.09625
1 0.34375 0.7525 0.0560546875 0.0853125
1 0.4796875 0.75125 0.056640625 0.0925
1 0.60078125 0.7575 0.0572265625 0.09
1 0.7328125 0.75875 0.0537109375 0.0915625
0 0.28203125 0.21125 0.0541015625 0.0965625
0 0.41796875 0.215 0.055078125 0.0853125
0 0.5515625 0.22625 0.0529296875 0.085
0 0.68046875 0.22625 0.05 0.0884375
0 0.2765625 0.65125 0.0619140625 0.095
0 0.41171875 0.64875 0.0580078125 0.09
0 0.5421875 0.65375 0.05 0.08
0 0.66328125 0.65875 0.05625 0.0925
0 0.28125 0.84875 0.0556640625 0.085
0 0.4046875 0.85625 0.058984375 0.0871875
0 0.534375 0.86 0.058984375 0.085
0 0.66171875 0.86375 0.0546875 0.0878125