0 0.3453125 0.1075 0.05390625 0.08625
0 0.48828125 0.11 0.059375 0.089375
0 0.61484375 0.11625 0.0515625 0.08
0 0.7484375 0.13125 0.05234375 0.0815625
2 0.28203125 0.21125 0.0541015625 0.088125
2 0.4171875 0.21625 0.05625 0.0875
2 0.55 0.23 0.0537109375 0.08875
2 0.6859375 0.2375 0.053125 0.0896875
2 0.346875 0.3225 0.0568359375 0.0940625
2 0.48125 0.33125 0.056640625 0.091875
2 0.61171875 0.33625 0.0583984375 0.091875
2 0.74296875 0.3425 0.054296875 0.0890625
3 0.27890625 0.64125 0.0576171875 0.091875
3 0.40703125 0.655 0.0607421875 0.0946875
3 0.53828125 0.65375 0.05625 0.0884375
3 0.67109375 0.65625 0.0546875 0.095
3 0.3390625 0.75375 0.0564453125 0.0828125
3 0.4703125 0.75625 0.0564453125 0.091875
3 0.60390625 0.755 0.0521484375 0.0859375
3 0.73125 0.75875 0.053515625 0.0878125
1 0.275 0.8475 0.0525390625 0.0890625
1 0.40546875 0.85 0.0583984375 0.0946875
1 0.53359375 0.86125 0.054296875 0.083125
1 0.6609375 0.85875 0.0470703125 0.0825