0 0.3453125 0.1075 0.055859375 0.089375
0 0.48828125 0.11 0.063671875 0.094375
0 0.61484375 0.11625 0.053125 0.0825
0 0.7484375 0.13125 0.050390625 0.0784375
2 0.28203125 0.21125 0.0541015625 0.09
2 0.4171875 0.21625 0.05390625 0.085
2 0.55 0.23 0.0533203125 0.085625
2 0.6859375 0.2375 0.053515625 0.0903125
2 0.346875 0.3225 0.0533203125 0.0859375
2 0.48125 0.33125 0.055859375 0.088125
2 0.61171875 0.33625 0.0580078125 0.09
2 0.74296875 0.3425 0.055078125 0.0903125
3 0.27890625 0.64125 0.0541015625 0.085
3 0.40703125 0.655 0.0572265625 0.0890625
3 0.53828125 0.65375 0.0546875 0.0871875
3 0.67109375 0.65625 0.054296875 0.093125
3 0.3390625 0.75375 0.0568359375 0.0865625
3 0.4703125 0.75625 0.0564453125 0.091875
3 0.60390625 0.755 0.0517578125 0.0853125
3 0.73125 0.75875 0.053515625 0.0878125
1 0.275 0.8475 0.0501953125 0.0853125
1 0.40546875 0.85 0.0544921875 0.0853125
1 0.53359375 0.86125 0.0546875 0.085
1 0.6609375 0.85875 0.0525390625 0.088125