1 0.3421875 0.3225 0.058984375 0.090625
1 0.61484375 0.33625 0.0552734375 0.0884375
1 0.34296875 0.535 0.0609375 0.094375
1 0.6109375 0.54875 0.0595703125 0.0884375
1 0.475 0.7575 0.05703125 0.0953125
1 0.7296875 0.7575 0.055859375 0.0896875
3 0.47734375 0.3325 0.0515625 0.0796875
3 0.74609375 0.34375 0.0578125 0.093125
3 0.47578125 0.53875 0.0517578125 0.0871875
3 0.74140625 0.54625 0.051953125 0.0871875
3 0.3421875 0.7525 0.05390625 0.08625
3 0.6046875 0.75875 0.05234375 0.0825
0 0.28203125 0.42375 0.0546875 0.0871875
0 0.55078125 0.44125 0.051953125 0.0778125
0 0.41484375 0.645 0.0515625 0.0846875
0 0.6703125 0.66 0.052734375 0.084375
0 0.2765625 0.8475 0.0529296875 0.0803125
0 0.53828125 0.8625 0.0517578125 0.075
2 0.4109375 0.4325 0.0533203125 0.0896875
2 0.67578125 0.44875 0.055078125 0.088125
2 0.27578125 0.64 0.0580078125 0.0903125
2 0.5390625 0.655 0.0587890625 0.09125
2 0.4109375 0.855 0.0556640625 0.08875
2 0.6625 0.86 0.05625 0.0853125