1 0.3421875 0.3225 0.05390625 0.085
1 0.61484375 0.33625 0.0517578125 0.0828125
1 0.34296875 0.535 0.063671875 0.09875
1 0.6109375 0.54875 0.0568359375 0.0834375
1 0.475 0.7575 0.056640625 0.0946875
1 0.7296875 0.7575 0.056640625 0.0909375
3 0.47734375 0.3325 0.054296875 0.0840625
3 0.74609375 0.34375 0.0578125 0.093125
3 0.47578125 0.53875 0.0521484375 0.0878125
3 0.74140625 0.54625 0.0515625 0.0865625
3 0.3421875 0.7525 0.053515625 0.085625
3 0.6046875 0.75875 0.050390625 0.081875
0 0.28203125 0.42375 0.0578125 0.0921875
0 0.55078125 0.44125 0.053125 0.0784375
0 0.41484375 0.645 0.054296875 0.0890625
0 0.6703125 0.66 0.05390625 0.08875
0 0.2765625 0.8475 0.0505859375 0.0790625
0 0.53828125 0.8625 0.0548828125 0.080625
2 0.4109375 0.4325 0.0537109375 0.0903125
2 0.67578125 0.44875 0.05625 0.09
2 0.27578125 0.64 0.0552734375 0.0853125
2 0.5390625 0.655 0.0560546875 0.089375
2 0.4109375 0.855 0.0537109375 0.085625
2 0.6625 0.86 0.056640625 0.0890625