1 0.3484375 0.11375 0.0568359375 0.0871875
1 0.621875 0.12375 0.052734375 0.095
1 0.34296875 0.325 0.0580078125 0.0909375
1 0.6109375 0.33875 0.050390625 0.086875
1 0.475 0.54 0.055859375 0.0909375
1 0.73046875 0.55375 0.057421875 0.095
3 0.4734375 0.1225 0.056640625 0.09
3 0.74765625 0.13875 0.0552734375 0.085
3 0.475 0.32625 0.055859375 0.0871875
3 0.740625 0.33875 0.053515625 0.0878125
3 0.34453125 0.545 0.057421875 0.09
3 0.60546875 0.55125 0.0578125 0.0925
0 0.2765625 0.215 0.05625 0.0909375
0 0.546875 0.225 0.0564453125 0.0903125
0 0.40078125 0.4375 0.054296875 0.084375
0 0.675 0.445 0.053125 0.09125
0 0.271875 0.64125 0.0556640625 0.0925
0 0.53984375 0.65125 0.051953125 0.078125
2 0.41484375 0.22375 0.0615234375 0.0921875
2 0.68515625 0.23375 0.054296875 0.093125
2 0.26796875 0.43125 0.0578125 0.091875
2 0.54453125 0.4475 0.051953125 0.085
2 0.4046875 0.65 0.05859375 0.0990625
2 0.66953125 0.645 0.0484375 0.0853125