1 0.3484375 0.11375 0.0560546875 0.0828125
1 0.621875 0.12375 0.052734375 0.095
1 0.34296875 0.325 0.0603515625 0.0940625
1 0.6109375 0.33875 0.05234375 0.0875
1 0.475 0.54 0.052734375 0.0859375
1 0.73046875 0.55375 0.058203125 0.098125
3 0.4734375 0.1225 0.05625 0.089375
3 0.74765625 0.13875 0.0544921875 0.0825
3 0.475 0.32625 0.058984375 0.0921875
3 0.740625 0.33875 0.05546875 0.0884375
3 0.34453125 0.545 0.059375 0.094375
3 0.60546875 0.55125 0.0578125 0.0925
0 0.2765625 0.215 0.05390625 0.0903125
0 0.546875 0.225 0.0533203125 0.0853125
0 0.40078125 0.4375 0.05625 0.08625
0 0.675 0.445 0.05546875 0.094375
0 0.271875 0.64125 0.0537109375 0.091875
0 0.53984375 0.65125 0.05625 0.085
2 0.41484375 0.22375 0.0611328125 0.0884375
2 0.68515625 0.23375 0.05625 0.0975
2 0.26796875 0.43125 0.060546875 0.093125
2 0.54453125 0.4475 0.051953125 0.085
2 0.4046875 0.65 0.05625 0.0953125
2 0.66953125 0.645 0.0484375 0.0853125