1 0.3484375 0.11375 0.0599609375 0.0921875
1 0.621875 0.12375 0.05625 0.1
1 0.34296875 0.325 0.0583984375 0.0940625
1 0.6109375 0.33875 0.052734375 0.088125
1 0.475 0.54 0.05078125 0.0853125
1 0.73046875 0.55375 0.058203125 0.0975
3 0.4734375 0.1225 0.05390625 0.085625
3 0.74765625 0.13875 0.0572265625 0.0875
3 0.475 0.32625 0.05625 0.0878125
3 0.740625 0.33875 0.055859375 0.0915625
3 0.34453125 0.545 0.059375 0.094375
3 0.60546875 0.55125 0.05625 0.09
0 0.2765625 0.215 0.05859375 0.0953125
0 0.546875 0.225 0.0529296875 0.0846875
0 0.40078125 0.4375 0.053125 0.08375
0 0.675 0.445 0.053515625 0.09125
0 0.271875 0.64125 0.0591796875 0.0975
0 0.53984375 0.65125 0.05625 0.086875
2 0.41484375 0.22375 0.0580078125 0.0834375
2 0.68515625 0.23375 0.0546875 0.095
2 0.26796875 0.43125 0.055078125 0.086875
2 0.54453125 0.4475 0.0484375 0.08
2 0.4046875 0.65 0.056640625 0.0959375
2 0.66953125 0.645 0.05 0.0890625